2.668372727272727207e+04 1.103409090909090992e+03 9.995454545454546178e+02 4.150000000000000000e+02 3.836818181818181870e+02 8.787727272727272521e+02 8.446818181818181301e+02 5.730454545454545041e+02 6.325909090909090082e+02 2.762727272727272521e+02 2.520909090909090935e+02 3.470000000000000000e+02 3.196363636363636260e+02 1.297863636363636260e+03 1.252272727272727252e+03 2.787272727272727479e+02 2.373636363636363455e+02 1.070909090909090935e+02 1.147272727272727337e+02 1.312727272727272521e+02 1.548181818181818130e+02 1.130000000000000000e+02 1.136363636363636260e+02 1.542727272727272521e+02 1.514090909090909065e+02 1.436818181818181870e+02 1.610909090909090935e+02 1.148181818181818272e+02 1.090454545454545467e+02 1.386363636363636260e+02 1.630909090909090935e+02 1.267727272727272663e+02 1.658636363636363740e+02 6.210909090909090082e+02 6.739545454545454959e+02 3.350000000000000000e+02 3.788636363636363740e+02 1.335909090909090935e+02 1.200454545454545467e+02 1.369090909090909065e+02 1.774545454545454675e+02 1.422727272727272521e+02 1.918636363636363455e+02 4.038181818181818130e+02 3.960454545454545041e+02 1.985454545454545325e+02 1.654545454545454675e+02 1.382272727272727479e+02 1.649090909090909065e+02 1.242727272727272663e+02 1.500000000000000000e+02 3.660000000000000000e+02 3.615454545454545041e+02 2.284090909090909065e+02 2.005454545454545325e+02 3.803636363636363740e+02 4.145000000000000000e+02 2.333181818181818130e+02 2.270909090909090935e+02 2.505000000000000000e+02 2.816818181818181870e+02 3.597727272727273089e+02 5.111363636363636260e+02 9.804545454545454675e+01 1.307727272727272521e+02 2.695909090909090651e+02 2.695000000000000000e+02 2.146363636363636545e+02 1.782727272727272521e+02 2.395000000000000000e+02 1.313181818181818130e+02 2.185454545454545325e+02 1.756363636363636260e+02 5.740909090909091361e+01 7.072727272727273373e+01 9.968181818181817277e+01 8.800000000000000000e+01 9.440909090909090651e+01 8.209090909090909349e+01 1.238636363636363740e+02 8.986363636363637397e+01 7.050000000000000000e+01 8.018181818181818699e+01 8.286363636363637397e+01 1.562727272727272521e+02 5.436363636363636687e+01 6.359090909090908639e+01 3.740909090909090651e+01 3.790909090909090651e+01 2.627272727272727337e+01 2.954545454545454319e+01 2.654545454545454319e+01 2.140909090909090651e+01 7.090909090909090828e+00 7.954545454545454142e+00 5.781818181818181301e+01 5.518181818181818699e+01
1.103409090909090992e+03 2.187954545454545496e+03 4.099545454545454959e+02 1.320454545454545325e+02 7.586363636363637397e+01 1.518636363636363740e+02 7.495454545454545325e+01 1.588636363636363740e+02 5.154545454545454675e+01 7.872727272727273373e+01 2.531818181818181657e+01 3.731818181818181301e+01 2.590909090909090651e+01 6.259090909090908639e+01 4.018181818181818699e+01 4.309090909090909349e+01 2.140909090909090651e+01 1.531818181818181834e+01 1.559090909090909172e+01 1.840909090909090651e+01 1.690909090909090651e+01 1.563636363636363669e+01 1.972727272727272663e+01 2.286363636363636331e+01 1.459090909090909172e+01 1.963636363636363669e+01 1.627272727272727337e+01 1.400000000000000000e+01 1.509090909090909172e+01 1.813636363636363669e+01 1.913636363636363669e+01 1.263636363636363669e+01 1.763636363636363669e+01 4.004545454545454675e+01 2.722727272727272663e+01 2.213636363636363669e+01 2.077272727272727337e+01 1.459090909090909172e+01 1.509090909090909172e+01 1.590909090909090828e+01 1.500000000000000000e+01 1.772727272727272663e+01 1.859090909090909349e+01 3.054545454545454319e+01 2.295454545454545681e+01 2.440909090909090651e+01 1.440909090909090828e+01 1.850000000000000000e+01 1.795454545454545325e+01 5.022727272727272663e+01 4.936363636363636687e+01 2.450000000000000000e+01 2.327272727272727337e+01 5.004545454545454675e+01 4.145454545454545325e+01 1.209545454545454533e+02 9.313636363636362603e+01 5.972727272727272663e+01 3.563636363636363313e+01 2.572727272727272663e+01 1.622727272727272663e+01 2.427272727272727337e+01 2.600000000000000000e+01 9.500000000000000000e+00 1.840909090909090651e+01 1.765454545454545325e+02 3.345454545454545325e+01 8.590909090909091717e+00 6.045454545454545858e+00 6.818181818181818343e+00 4.909090909090909172e+00 8.545454545454546746e+00 6.136363636363635798e+00 3.227272727272727071e+00 2.772727272727272929e+00 5.454545454545454142e+00 3.545454545454545414e+00 3.909090909090909172e+00 3.545454545454545414e+00 6.681818181818181657e+00 4.454545454545454142e+00 1.268181818181818166e+01 4.181818181818181657e+00 7.545454545454545858e+00 8.500000000000000000e+00 6.000000000000000000e+00 4.272727272727273373e+00 4.500000000000000000e+00 2.545454545454545414e+00 2.818181818181817899e+00 2.090909090909090828e+00 1.727272727272727293e+00 1.090909090909090828e+00 1.818181818181818232e-01 3.636363636363636465e-01 4.181818181818181657e+00 2.181818181818181657e+00
9.995454545454546178e+02 4.099545454545454959e+02 2.050545454545454504e+03 9.595454545454545325e+01 1.018636363636363740e+02 1.058181818181818272e+02 1.151363636363636260e+02 6.095454545454545325e+01 1.206818181818181728e+02 3.650000000000000000e+01 5.159090909090908639e+01 3.477272727272727337e+01 3.445454545454545325e+01 4.463636363636363313e+01 3.240909090909090651e+01 1.904545454545454675e+01 3.295454545454545325e+01 1.163636363636363669e+01 1.854545454545454675e+01 1.700000000000000000e+01 1.509090909090909172e+01 1.172727272727272840e+01 1.168181818181818166e+01 1.463636363636363669e+01 1.290909090909090828e+01 1.631818181818181657e+01 1.522727272727272840e+01 1.181818181818181834e+01 1.036363636363636331e+01 1.131818181818181834e+01 1.618181818181818343e+01 1.027272727272727337e+01 1.436363636363636331e+01 2.690909090909090651e+01 1.954545454545454675e+01 2.013636363636363669e+01 1.754545454545454675e+01 1.090909090909090828e+01 1.290909090909090828e+01 1.100000000000000000e+01 1.663636363636363669e+01 1.372727272727272840e+01 1.509090909090909172e+01 2.004545454545454675e+01 2.059090909090909349e+01 1.468181818181818166e+01 1.454545454545454675e+01 1.400000000000000000e+01 1.668181818181818343e+01 2.740909090909090651e+01 5.150000000000000000e+01 2.445454545454545681e+01 2.513636363636363669e+01 3.900000000000000000e+01 3.918181818181818699e+01 7.859090909090909349e+01 1.050000000000000000e+02 3.690909090909090651e+01 4.622727272727272663e+01 1.472727272727272840e+01 1.618181818181818343e+01 1.518181818181818166e+01 2.181818181818181657e+01 8.545454545454546746e+00 1.318181818181818166e+01 3.054545454545454319e+01 1.518636363636363740e+02 9.136363636363636687e+00 7.045454545454545858e+00 4.363636363636363313e+00 6.272727272727273373e+00 7.954545454545454142e+00 1.040909090909090828e+01 3.545454545454545414e+00 4.954545454545454142e+00 5.954545454545454142e+00 5.545454545454545858e+00 3.636363636363636687e+00 5.045454545454545858e+00 4.272727272727273373e+00 5.136363636363636687e+00 8.545454545454546746e+00 1.513636363636363669e+01 7.090909090909090828e+00 5.318181818181818343e+00 3.500000000000000000e+00 3.181818181818182101e+00 2.000000000000000000e+00 1.545454545454545414e+00 1.363636363636363535e+00 1.363636363636363535e+00 1.636363636363636465e+00 1.045454545454545414e+00 3.636363636363636465e-01 3.636363636363636465e-01 3.000000000000000000e+00 2.863636363636363313e+00
4.150000000000000000e+02 1.320454545454545325e+02 9.595454545454545325e+01 5.640909090909090082e+02 3.568181818181818699e+01 9.372727272727273373e+01 3.750000000000000000e+01 7.068181818181818699e+01 2.686363636363636331e+01 3.786363636363636687e+01 1.740909090909090651e+01 3.959090909090909349e+01 1.940909090909090651e+01 1.140909090909090935e+02 2.359090909090909349e+01 4.018181818181818699e+01 9.681818181818181657e+00 1.140909090909090828e+01 8.727272727272726627e+00 1.159090909090909172e+01 7.909090909090909172e+00 1.031818181818181834e+01 9.545454545454546746e+00 1.931818181818181657e+01 9.000000000000000000e+00 1.218181818181818166e+01 8.863636363636363313e+00 6.590909090909090828e+00 9.409090909090908283e+00 1.027272727272727337e+01 9.318181818181818343e+00 7.045454545454545858e+00 8.727272727272726627e+00 7.013636363636362603e+01 1.995454545454545325e+01 2.536363636363636331e+01 1.363636363636363669e+01 1.281818181818181834e+01 6.909090909090909172e+00 7.909090909090909172e+00 9.545454545454546746e+00 1.231818181818181834e+01 9.545454545454546746e+00 3.190909090909090651e+01 1.318181818181818166e+01 1.445454545454545325e+01 6.227272727272726627e+00 8.090909090909091717e+00 6.727272727272726627e+00 8.000000000000000000e+00 8.318181818181818343e+00 1.700000000000000000e+01 9.863636363636363313e+00 1.186363636363636331e+01 9.909090909090908283e+00 2.518181818181818343e+01 1.663636363636363669e+01 1.322727272727272840e+01 1.059090909090909172e+01 1.140909090909090828e+01 1.040909090909090828e+01 1.940909090909090651e+01 1.709090909090909349e+01 4.863636363636363313e+00 8.409090909090908283e+00 5.568181818181818699e+01 1.027272727272727337e+01 6.818181818181818343e+00 5.136363636363636687e+00 7.454545454545454142e+00 5.500000000000000000e+00 5.636363636363635798e+00 4.727272727272726627e+00 2.954545454545454586e+00 3.727272727272727071e+00 5.363636363636363313e+00 4.272727272727273373e+00 4.454545454545454142e+00 4.954545454545454142e+00 8.136363636363636687e+00 5.272727272727273373e+00 1.972727272727272663e+01 6.772727272727273373e+00 3.590909090909090651e+01 7.318181818181818343e+00 1.522727272727272840e+01 5.136363636363636687e+00 7.909090909090909172e+00 2.545454545454545414e+00 7.818181818181818343e+00 2.454545454545454586e+00 4.090909090909090828e+00 6.363636363636363535e-01 3.181818181818181768e-01 2.727272727272727071e-01 2.727272727272727071e+00 1.000000000000000000e+00
3.836818181818181870e+02 7.586363636363637397e+01 1.018636363636363740e+02 3.568181818181818699e+01 5.367727272727272521e+02 5.981818181818181301e+01 5.640909090909091361e+01 4.450000000000000000e+01 3.754545454545454675e+01 1.754545454545454675e+01 2.095454545454545325e+01 1.931818181818181657e+01 2.309090909090909349e+01 2.981818181818181657e+01 3.572727272727272663e+01 1.040909090909090828e+01 2.559090909090909349e+01 5.363636363636363313e+00 6.181818181818181657e+00 7.727272727272726627e+00 1.113636363636363669e+01 6.090909090909090828e+00 6.772727272727273373e+00 6.363636363636364202e+00 8.954545454545453254e+00 6.636363636363635798e+00 7.954545454545454142e+00 4.227272727272726627e+00 5.681818181818181657e+00 5.000000000000000000e+00 7.863636363636364202e+00 6.318181818181818343e+00 6.681818181818181657e+00 1.131818181818181834e+01 2.013636363636363669e+01 9.681818181818181657e+00 1.181818181818181834e+01 5.818181818181818343e+00 6.818181818181818343e+00 5.909090909090909172e+00 1.040909090909090828e+01 5.954545454545454142e+00 9.636363636363636687e+00 9.500000000000000000e+00 1.395454545454545325e+01 6.409090909090909172e+00 7.681818181818181657e+00 5.636363636363635798e+00 7.727272727272726627e+00 5.727272727272726627e+00 7.500000000000000000e+00 9.090909090909091717e+00 1.095454545454545325e+01 9.863636363636363313e+00 8.727272727272726627e+00 1.881818181818181657e+01 2.404545454545454319e+01 1.022727272727272663e+01 1.072727272727272663e+01 6.954545454545454142e+00 6.954545454545454142e+00 7.681818181818181657e+00 1.422727272727272840e+01 4.954545454545454142e+00 5.181818181818181657e+00 9.545454545454546746e+00 3.836363636363636687e+01 5.454545454545454142e+00 4.909090909090909172e+00 3.181818181818182101e+00 3.500000000000000000e+00 4.090909090909090828e+00 5.000000000000000000e+00 1.727272727272727293e+00 2.863636363636363313e+00 4.090909090909090828e+00 3.454545454545454586e+00 2.363636363636363313e+00 4.045454545454545858e+00 2.954545454545454586e+00 3.681818181818182101e+00 2.818181818181817899e+00 1.331818181818181834e+01 5.136363636363636687e+00 2.381818181818181657e+01 3.727272727272727071e+00 1.077272727272727337e+01 3.136363636363636687e+00 8.136363636363636687e+00 2.272727272727272929e+00 4.181818181818181657e+00 1.863636363636363535e+00 2.500000000000000000e+00 4.545454545454545581e-02 5.000000000000000000e-01 2.045454545454545414e+00 1.590909090909091050e+00
8.787727272727272521e+02 1.518636363636363740e+02 1.058181818181818272e+02 9.372727272727273373e+01 5.981818181818181301e+01 1.092954545454545496e+03 1.742727272727272521e+02 2.670454545454545041e+02 6.959090909090909349e+01 6.009090909090908639e+01 3.459090909090909349e+01 9.036363636363637397e+01 3.554545454545454675e+01 1.222272727272727337e+02 3.340909090909090651e+01 1.336363636363636331e+01 1.022727272727272663e+01 6.909090909090909172e+00 7.181818181818181657e+00 1.118181818181818166e+01 9.545454545454546746e+00 9.454545454545453254e+00 8.454545454545453254e+00 1.181818181818181834e+01 9.227272727272726627e+00 7.863636363636364202e+00 7.181818181818181657e+00 9.000000000000000000e+00 6.590909090909090828e+00 1.027272727272727337e+01 1.040909090909090828e+01 7.727272727272726627e+00 8.000000000000000000e+00 2.554545454545454319e+01 1.509090909090909172e+01 1.213636363636363669e+01 1.150000000000000000e+01 8.909090909090908283e+00 8.000000000000000000e+00 1.063636363636363669e+01 7.954545454545454142e+00 9.227272727272726627e+00 8.590909090909091717e+00 1.354545454545454675e+01 1.318181818181818166e+01 1.050000000000000000e+01 6.500000000000000000e+00 1.113636363636363669e+01 1.063636363636363669e+01 9.954545454545453254e+00 1.254545454545454675e+01 6.200000000000000000e+01 4.531818181818181301e+01 1.545454545454545325e+01 1.831818181818181657e+01 8.363636363636362603e+01 5.631818181818181301e+01 3.986363636363636687e+01 2.818181818181818343e+01 1.509090909090909172e+01 8.863636363636363313e+00 1.045454545454545325e+01 9.090909090909091717e+00 2.772727272727272929e+00 3.363636363636363313e+00 1.122727272727272840e+01 8.136363636363636687e+00 1.181818181818181834e+01 3.818181818181817899e+00 6.227272727272726627e+00 2.636363636363636687e+00 3.590909090909090828e+00 3.272727272727272929e+00 2.590909090909090828e+00 2.272727272727272929e+00 2.227272727272727071e+00 3.000000000000000000e+00 2.727272727272727071e+00 3.136363636363636687e+00 3.363636363636363313e+00 3.318181818181817899e+00 1.413636363636363669e+01 5.318181818181818343e+00 1.227272727272727160e+01 3.909090909090909172e+00 2.590909090909090828e+00 1.590909090909091050e+00 1.090909090909090828e+00 1.545454545454545414e+00 9.090909090909091717e-01 8.181818181818182323e-01 9.090909090909091717e-01 2.727272727272727071e-01 0.000000000000000000e+00 1.363636363636363535e-01 1.136363636363636465e+00 1.181818181818181657e+00
8.446818181818181301e+02 7.495454545454545325e+01 1.151363636363636260e+02 3.750000000000000000e+01 5.640909090909091361e+01 1.742727272727272521e+02 8.341818181818181301e+02 1.325909090909090935e+02 1.906818181818181870e+02 3.281818181818181301e+01 3.818181818181818699e+01 4.250000000000000000e+01 5.222727272727272663e+01 7.036363636363637397e+01 9.636363636363637397e+01 1.281818181818181834e+01 1.036363636363636331e+01 5.272727272727273373e+00 6.500000000000000000e+00 8.045454545454546746e+00 8.590909090909091717e+00 6.863636363636364202e+00 7.090909090909090828e+00 9.045454545454546746e+00 8.318181818181818343e+00 7.409090909090909172e+00 7.318181818181818343e+00 5.500000000000000000e+00 4.590909090909090828e+00 6.636363636363635798e+00 7.545454545454545858e+00 6.272727272727273373e+00 7.136363636363635798e+00 1.495454545454545325e+01 1.854545454545454675e+01 9.636363636363636687e+00 1.318181818181818166e+01 7.000000000000000000e+00 6.181818181818181657e+00 8.045454545454546746e+00 7.636363636363635798e+00 7.909090909090909172e+00 8.363636363636363313e+00 1.022727272727272663e+01 1.504545454545454675e+01 8.681818181818181657e+00 7.909090909090909172e+00 8.090909090909091717e+00 8.454545454545453254e+00 8.000000000000000000e+00 1.000000000000000000e+01 4.518181818181818699e+01 5.577272727272727337e+01 1.304545454545454675e+01 1.336363636363636331e+01 4.372727272727272663e+01 7.086363636363637397e+01 2.477272727272727337e+01 3.245454545454545325e+01 9.954545454545453254e+00 1.531818181818181834e+01 7.863636363636364202e+00 1.231818181818181834e+01 2.045454545454545414e+00 3.363636363636363313e+00 7.409090909090909172e+00 9.500000000000000000e+00 5.863636363636364202e+00 5.863636363636364202e+00 4.500000000000000000e+00 3.636363636363636687e+00 4.727272727272726627e+00 2.863636363636363313e+00 1.454545454545454586e+00 3.181818181818182101e+00 3.363636363636363313e+00 2.863636363636363313e+00 1.909090909090908950e+00 2.818181818181817899e+00 2.727272727272727071e+00 3.045454545454545414e+00 3.454545454545454586e+00 1.240909090909090828e+01 4.681818181818181657e+00 1.609090909090909349e+01 2.136363636363636687e+00 2.363636363636363313e+00 1.090909090909090828e+00 2.181818181818181657e+00 9.090909090909091717e-01 7.727272727272727071e-01 4.545454545454545858e-01 4.545454545454545858e-01 1.818181818181818232e-01 1.363636363636363535e-01 4.090909090909091161e-01 6.363636363636363535e-01
5.730454545454545041e+02 1.588636363636363740e+02 6.095454545454545325e+01 7.068181818181818699e+01 4.450000000000000000e+01 2.670454545454545041e+02 1.325909090909090935e+02 1.046454545454545496e+03 1.053636363636363740e+02 8.772727272727273373e+01 4.590909090909091361e+01 1.171363636363636260e+02 5.040909090909091361e+01 1.806363636363636545e+02 3.436363636363636687e+01 1.231818181818181834e+01 8.409090909090908283e+00 4.863636363636363313e+00 5.409090909090909172e+00 1.068181818181818166e+01 6.590909090909090828e+00 6.727272727272726627e+00 7.681818181818181657e+00 1.636363636363636331e+01 6.681818181818181657e+00 1.104545454545454675e+01 6.272727272727273373e+00 4.727272727272726627e+00 4.636363636363636687e+00 9.227272727272726627e+00 5.863636363636364202e+00 5.318181818181818343e+00 6.590909090909090828e+00 3.309090909090909349e+01 1.377272727272727160e+01 1.540909090909090828e+01 8.090909090909091717e+00 9.727272727272726627e+00 5.318181818181818343e+00 1.104545454545454675e+01 7.090909090909090828e+00 9.727272727272726627e+00 6.409090909090909172e+00 1.504545454545454675e+01 1.113636363636363669e+01 6.772727272727273373e+00 4.409090909090909172e+00 5.636363636363635798e+00 4.727272727272726627e+00 5.818181818181818343e+00 7.545454545454545858e+00 2.345454545454545681e+01 1.777272727272727337e+01 8.136363636363636687e+00 6.545454545454545858e+00 2.486363636363636331e+01 2.159090909090909349e+01 1.522727272727272840e+01 1.195454545454545325e+01 6.636363636363635798e+00 6.363636363636364202e+00 7.772727272727273373e+00 9.454545454545453254e+00 2.636363636363636687e+00 3.227272727272727071e+00 1.077272727272727337e+01 5.954545454545454142e+00 5.818181818181818343e+00 3.909090909090909172e+00 5.090909090909090828e+00 3.272727272727272929e+00 3.818181818181817899e+00 3.636363636363636687e+00 2.181818181818181657e+00 3.318181818181817899e+00 3.000000000000000000e+00 1.727272727272727293e+00 2.136363636363636687e+00 2.409090909090909172e+00 3.909090909090909172e+00 2.727272727272727071e+00 1.290909090909090828e+01 5.909090909090909172e+00 1.022727272727272663e+01 3.545454545454545414e+00 4.545454545454545858e+00 2.090909090909090828e+00 1.909090909090908950e+00 1.727272727272727293e+00 8.636363636363636465e-01 1.045454545454545414e+00 2.000000000000000000e+00 4.090909090909091161e-01 1.363636363636363535e-01 2.272727272727272929e-01 1.318181818181818343e+00 8.636363636363636465e-01
6.325909090909090082e+02 5.154545454545454675e+01 1.206818181818181728e+02 2.686363636363636331e+01 3.754545454545454675e+01 6.959090909090909349e+01 1.906818181818181870e+02 1.053636363636363740e+02 8.780909090909090082e+02 5.009090909090908639e+01 6.627272727272726627e+01 5.181818181818181301e+01 8.627272727272726627e+01 7.681818181818181301e+01 1.295000000000000000e+02 9.227272727272726627e+00 8.272727272727273373e+00 4.363636363636363313e+00 5.090909090909090828e+00 6.000000000000000000e+00 5.727272727272726627e+00 4.000000000000000000e+00 5.363636363636363313e+00 5.590909090909090828e+00 5.954545454545454142e+00 5.181818181818181657e+00 8.863636363636363313e+00 3.909090909090909172e+00 4.454545454545454142e+00 5.545454545454545858e+00 5.409090909090909172e+00 6.000000000000000000e+00 5.409090909090909172e+00 1.118181818181818166e+01 1.968181818181818343e+01 6.772727272727273373e+00 1.159090909090909172e+01 4.363636363636363313e+00 5.136363636363636687e+00 4.090909090909090828e+00 6.409090909090909172e+00 5.545454545454545858e+00 7.000000000000000000e+00 6.181818181818181657e+00 8.863636363636363313e+00 5.909090909090909172e+00 4.909090909090909172e+00 4.181818181818181657e+00 5.136363636363636687e+00 4.818181818181818343e+00 6.545454545454545858e+00 1.736363636363636331e+01 1.913636363636363669e+01 8.090909090909091717e+00 6.590909090909090828e+00 2.013636363636363669e+01 2.400000000000000000e+01 1.150000000000000000e+01 1.059090909090909172e+01 6.409090909090909172e+00 6.727272727272726627e+00 5.545454545454545858e+00 8.954545454545453254e+00 2.363636363636363313e+00 2.772727272727272929e+00 6.363636363636364202e+00 1.072727272727272663e+01 3.863636363636363313e+00 3.863636363636363313e+00 3.272727272727272929e+00 2.681818181818181657e+00 3.909090909090909172e+00 3.363636363636363313e+00 1.545454545454545414e+00 3.090909090909090828e+00 4.500000000000000000e+00 2.409090909090909172e+00 2.227272727272727071e+00 2.590909090909090828e+00 3.000000000000000000e+00 2.409090909090909172e+00 4.181818181818181657e+00 1.354545454545454675e+01 4.727272727272726627e+00 1.309090909090909172e+01 2.090909090909090828e+00 1.772727272727272707e+00 1.090909090909090828e+00 1.545454545454545414e+00 6.818181818181817677e-01 8.636363636363636465e-01 5.909090909090908283e-01 6.363636363636363535e-01 1.363636363636363535e-01 4.545454545454545581e-02 1.045454545454545414e+00 1.090909090909090828e+00
2.762727272727272521e+02 7.872727272727273373e+01 3.650000000000000000e+01 3.786363636363636687e+01 1.754545454545454675e+01 6.009090909090908639e+01 3.281818181818181301e+01 8.772727272727273373e+01 5.009090909090908639e+01 2.796818181818181870e+02 3.100000000000000000e+01 5.227272727272727337e+01 1.863636363636363669e+01 5.759090909090908639e+01 3.236363636363636687e+01 1.059090909090909172e+01 6.454545454545454142e+00 4.045454545454545858e+00 3.500000000000000000e+00 8.045454545454546746e+00 5.045454545454545858e+00 5.772727272727273373e+00 3.818181818181817899e+00 1.050000000000000000e+01 5.136363636363636687e+00 6.318181818181818343e+00 3.636363636363636687e+00 3.227272727272727071e+00 3.727272727272727071e+00 5.227272727272726627e+00 4.227272727272726627e+00 3.227272727272727071e+00 3.136363636363636687e+00 1.531818181818181834e+01 1.054545454545454675e+01 7.727272727272726627e+00 6.318181818181818343e+00 5.318181818181818343e+00 2.863636363636363313e+00 5.409090909090909172e+00 4.181818181818181657e+00 6.181818181818181657e+00 3.954545454545454586e+00 1.036363636363636331e+01 7.227272727272726627e+00 6.090909090909090828e+00 2.954545454545454586e+00 4.090909090909090828e+00 3.772727272727272929e+00 4.454545454545454142e+00 4.318181818181818343e+00 1.104545454545454675e+01 1.000000000000000000e+01 5.727272727272726627e+00 4.500000000000000000e+00 1.881818181818181657e+01 1.072727272727272663e+01 8.000000000000000000e+00 4.863636363636363313e+00 5.954545454545454142e+00 4.409090909090909172e+00 6.818181818181818343e+00 7.590909090909090828e+00 1.954545454545454586e+00 3.681818181818182101e+00 1.681818181818181657e+01 6.363636363636364202e+00 3.727272727272727071e+00 2.772727272727272929e+00 3.727272727272727071e+00 2.181818181818181657e+00 2.409090909090909172e+00 2.409090909090909172e+00 1.227272727272727293e+00 1.545454545454545414e+00 2.954545454545454586e+00 2.500000000000000000e+00 1.818181818181818343e+00 2.500000000000000000e+00 3.500000000000000000e+00 2.454545454545454586e+00 1.645454545454545325e+01 3.272727272727272929e+00 5.409090909090909172e+00 3.545454545454545414e+00 3.181818181818182101e+00 1.272727272727272707e+00 1.545454545454545414e+00 1.409090909090908950e+00 1.227272727272727293e+00 6.818181818181817677e-01 1.000000000000000000e+00 3.181818181818181768e-01 9.090909090909091161e-02 2.272727272727272929e-01 1.000000000000000000e+00 9.545454545454544748e-01
2.520909090909090935e+02 2.531818181818181657e+01 5.159090909090908639e+01 1.740909090909090651e+01 2.095454545454545325e+01 3.459090909090909349e+01 3.818181818181818699e+01 4.590909090909091361e+01 6.627272727272726627e+01 3.100000000000000000e+01 2.334545454545454675e+02 4.250000000000000000e+01 3.768181818181818699e+01 6.000000000000000000e+01 4.054545454545454675e+01 8.909090909090908283e+00 5.818181818181818343e+00 4.045454545454545858e+00 4.772727272727273373e+00 5.136363636363636687e+00 4.590909090909090828e+00 4.090909090909090828e+00 3.863636363636363313e+00 5.863636363636364202e+00 4.454545454545454142e+00 5.136363636363636687e+00 5.136363636363636687e+00 4.318181818181818343e+00 3.590909090909090828e+00 4.454545454545454142e+00 3.272727272727272929e+00 3.181818181818182101e+00 5.000000000000000000e+00 1.218181818181818166e+01 1.140909090909090828e+01 8.590909090909091717e+00 6.681818181818181657e+00 3.090909090909090828e+00 4.318181818181818343e+00 4.090909090909090828e+00 5.590909090909090828e+00 5.727272727272726627e+00 4.863636363636363313e+00 7.090909090909090828e+00 8.454545454545453254e+00 4.909090909090909172e+00 3.954545454545454586e+00 4.181818181818181657e+00 3.500000000000000000e+00 2.863636363636363313e+00 3.727272727272727071e+00 8.409090909090908283e+00 9.227272727272726627e+00 4.318181818181818343e+00 4.045454545454545858e+00 9.363636363636363313e+00 9.545454545454546746e+00 5.500000000000000000e+00 5.772727272727273373e+00 5.545454545454545858e+00 5.045454545454545858e+00 6.090909090909090828e+00 8.090909090909091717e+00 2.545454545454545414e+00 2.863636363636363313e+00 6.454545454545454142e+00 1.431818181818181834e+01 5.363636363636363313e+00 2.590909090909090828e+00 3.090909090909090828e+00 3.000000000000000000e+00 3.409090909090909172e+00 3.000000000000000000e+00 1.500000000000000000e+00 2.227272727272727071e+00 3.090909090909090828e+00 2.954545454545454586e+00 2.272727272727272929e+00 2.727272727272727071e+00 2.772727272727272929e+00 3.636363636363636687e+00 5.090909090909090828e+00 1.409090909090909172e+01 3.500000000000000000e+00 3.272727272727272929e+00 1.909090909090908950e+00 2.590909090909090828e+00 5.000000000000000000e-01 1.272727272727272707e+00 8.636363636363636465e-01 7.272727272727272929e-01 8.636363636363636465e-01 6.818181818181817677e-01 1.363636363636363535e-01 1.363636363636363535e-01 1.136363636363636465e+00 6.818181818181817677e-01
3.470000000000000000e+02 3.731818181818181301e+01 3.477272727272727337e+01 3.959090909090909349e+01 1.931818181818181657e+01 9.036363636363637397e+01 4.250000000000000000e+01 1.171363636363636260e+02 5.181818181818181301e+01 5.227272727272727337e+01 4.250000000000000000e+01 3.519545454545454959e+02 6.181818181818181301e+01 1.525000000000000000e+02 4.440909090909090651e+01 1.450000000000000000e+01 1.022727272727272663e+01 5.727272727272726627e+00 5.136363636363636687e+00 1.200000000000000000e+01 7.681818181818181657e+00 6.772727272727273373e+00 7.000000000000000000e+00 2.263636363636363669e+01 6.318181818181818343e+00 1.122727272727272840e+01 5.954545454545454142e+00 4.454545454545454142e+00 4.954545454545454142e+00 8.772727272727273373e+00 4.954545454545454142e+00 4.545454545454545858e+00 5.227272727272726627e+00 3.745454545454545325e+01 1.363636363636363669e+01 1.086363636363636331e+01 8.590909090909091717e+00 1.127272727272727160e+01 6.090909090909090828e+00 9.227272727272726627e+00 7.136363636363635798e+00 7.590909090909090828e+00 6.000000000000000000e+00 1.200000000000000000e+01 8.090909090909091717e+00 6.363636363636364202e+00 4.090909090909090828e+00 4.136363636363636687e+00 5.045454545454545858e+00 4.136363636363636687e+00 6.181818181818181657e+00 1.995454545454545325e+01 1.272727272727272840e+01 7.090909090909090828e+00 6.090909090909090828e+00 1.568181818181818166e+01 1.213636363636363669e+01 1.018181818181818166e+01 8.136363636363636687e+00 5.318181818181818343e+00 5.909090909090909172e+00 7.227272727272726627e+00 7.636363636363635798e+00 1.863636363636363535e+00 3.545454545454545414e+00 1.063636363636363669e+01 8.409090909090908283e+00 5.000000000000000000e+00 4.136363636363636687e+00 4.727272727272726627e+00 3.318181818181817899e+00 3.545454545454545414e+00 2.909090909090909172e+00 2.545454545454545414e+00 3.181818181818182101e+00 4.409090909090909172e+00 2.318181818181818343e+00 1.909090909090908950e+00 2.954545454545454586e+00 4.045454545454545858e+00 3.500000000000000000e+00 1.818181818181818343e+01 1.004545454545454675e+01 1.900000000000000000e+01 5.318181818181818343e+00 9.545454545454546746e+00 2.227272727272727071e+00 2.318181818181818343e+00 1.590909090909091050e+00 2.500000000000000000e+00 2.136363636363636687e+00 2.909090909090909172e+00 3.181818181818181768e-01 0.000000000000000000e+00 0.000000000000000000e+00 1.500000000000000000e+00 4.545454545454545858e-01
3.196363636363636260e+02 2.590909090909090651e+01 3.445454545454545325e+01 1.940909090909090651e+01 2.309090909090909349e+01 3.554545454545454675e+01 5.222727272727272663e+01 5.040909090909091361e+01 8.627272727272726627e+01 1.863636363636363669e+01 3.768181818181818699e+01 6.181818181818181301e+01 2.961363636363636260e+02 1.403181818181818130e+02 9.363636363636362603e+01 1.104545454545454675e+01 9.500000000000000000e+00 4.454545454545454142e+00 5.318181818181818343e+00 6.227272727272726627e+00 7.545454545454545858e+00 3.772727272727272929e+00 5.409090909090909172e+00 8.590909090909091717e+00 8.136363636363636687e+00 7.136363636363635798e+00 8.045454545454546746e+00 5.227272727272726627e+00 5.454545454545454142e+00 6.545454545454545858e+00 5.136363636363636687e+00 4.954545454545454142e+00 6.636363636363635798e+00 2.277272727272727337e+01 1.731818181818181657e+01 1.013636363636363669e+01 1.022727272727272663e+01 7.409090909090909172e+00 7.227272727272726627e+00 6.181818181818181657e+00 8.500000000000000000e+00 6.409090909090909172e+00 6.909090909090909172e+00 9.000000000000000000e+00 1.063636363636363669e+01 5.136363636363636687e+00 4.272727272727273373e+00 3.181818181818182101e+00 5.045454545454545858e+00 4.181818181818181657e+00 4.636363636363636687e+00 1.250000000000000000e+01 1.172727272727272840e+01 5.681818181818181657e+00 6.090909090909090828e+00 8.272727272727273373e+00 1.609090909090909349e+01 6.636363636363635798e+00 6.181818181818181657e+00 6.636363636363635798e+00 4.590909090909090828e+00 6.181818181818181657e+00 7.318181818181818343e+00 2.272727272727272929e+00 3.863636363636363313e+00 6.545454545454545858e+00 1.045454545454545325e+01 4.500000000000000000e+00 3.000000000000000000e+00 3.954545454545454586e+00 3.454545454545454586e+00 3.545454545454545414e+00 3.363636363636363313e+00 1.500000000000000000e+00 2.454545454545454586e+00 3.590909090909090828e+00 2.727272727272727071e+00 2.000000000000000000e+00 3.136363636363636687e+00 2.636363636363636687e+00 2.727272727272727071e+00 5.227272727272726627e+00 2.318181818181818343e+01 9.136363636363636687e+00 1.377272727272727160e+01 3.000000000000000000e+00 2.909090909090909172e+00 1.636363636363636465e+00 1.727272727272727293e+00 1.318181818181818343e+00 8.636363636363636465e-01 7.272727272727272929e-01 6.363636363636363535e-01 9.090909090909091161e-02 9.090909090909091161e-02 9.090909090909091717e-01 5.000000000000000000e-01
1.297863636363636260e+03 6.259090909090908639e+01 4.463636363636363313e+01 1.140909090909090935e+02 2.981818181818181657e+01 1.222272727272727337e+02 7.036363636363637397e+01 1.806363636363636545e+02 7.681818181818181301e+01 5.759090909090908639e+01 6.000000000000000000e+01 1.525000000000000000e+02 1.403181818181818130e+02 1.768454545454545496e+03 2.870454545454545041e+02 4.413636363636363313e+01 3.395454545454545325e+01 2.563636363636363669e+01 2.395454545454545681e+01 3.081818181818181657e+01 2.177272727272727337e+01 2.409090909090909349e+01 2.422727272727272663e+01 4.900000000000000000e+01 2.604545454545454319e+01 4.186363636363636687e+01 2.145454545454545325e+01 2.013636363636363669e+01 1.936363636363636331e+01 2.590909090909090651e+01 2.136363636363636331e+01 2.390909090909090651e+01 3.372727272727272663e+01 2.999090909090909349e+02 5.840909090909091361e+01 5.718181818181818699e+01 2.145454545454545325e+01 3.600000000000000000e+01 1.759090909090909349e+01 4.000000000000000000e+01 1.959090909090909349e+01 2.377272727272727337e+01 1.590909090909090828e+01 3.927272727272727337e+01 1.931818181818181657e+01 1.604545454545454675e+01 9.454545454545453254e+00 9.590909090909091717e+00 7.045454545454545858e+00 7.409090909090909172e+00 1.022727272727272663e+01 6.172727272727272663e+01 3.931818181818181301e+01 1.400000000000000000e+01 1.300000000000000000e+01 1.686363636363636331e+01 1.827272727272727337e+01 2.822727272727272663e+01 2.263636363636363669e+01 5.113636363636363313e+01 3.295454545454545325e+01 2.663636363636363669e+01 2.090909090909090651e+01 4.363636363636363313e+00 6.500000000000000000e+00 1.077272727272727337e+01 9.681818181818181657e+00 1.895454545454545325e+01 6.727272727272726627e+00 1.672727272727272663e+01 5.454545454545454142e+00 5.045454545454545858e+00 4.045454545454545858e+00 3.636363636363636687e+00 3.136363636363636687e+00 5.363636363636363313e+00 3.954545454545454586e+00 4.454545454545454142e+00 5.272727272727273373e+00 4.909090909090909172e+00 4.818181818181818343e+00 1.104545454545454675e+01 1.090909090909090828e+01 5.390909090909091361e+01 1.486363636363636331e+01 1.581818181818181834e+01 4.318181818181818343e+00 3.409090909090909172e+00 2.727272727272727071e+00 3.590909090909090828e+00 2.409090909090909172e+00 3.909090909090909172e+00 4.090909090909091161e-01 2.272727272727272929e-01 1.363636363636363535e-01 1.772727272727272707e+00 8.181818181818182323e-01
1.252272727272727252e+03 4.018181818181818699e+01 3.240909090909090651e+01 2.359090909090909349e+01 3.572727272727272663e+01 3.340909090909090651e+01 9.636363636363637397e+01 3.436363636363636687e+01 1.295000000000000000e+02 3.236363636363636687e+01 4.054545454545454675e+01 4.440909090909090651e+01 9.363636363636362603e+01 2.870454545454545041e+02 1.260363636363636260e+03 3.450000000000000000e+01 3.327272727272727337e+01 2.027272727272727337e+01 2.145454545454545325e+01 2.177272727272727337e+01 2.122727272727272663e+01 1.554545454545454675e+01 2.022727272727272663e+01 1.777272727272727337e+01 2.172727272727272663e+01 1.854545454545454675e+01 2.700000000000000000e+01 1.736363636363636331e+01 1.372727272727272840e+01 1.913636363636363669e+01 2.031818181818181657e+01 1.977272727272727337e+01 2.800000000000000000e+01 5.204545454545454675e+01 1.860909090909090935e+02 1.986363636363636331e+01 4.286363636363636687e+01 1.522727272727272840e+01 1.504545454545454675e+01 1.304545454545454675e+01 2.340909090909090651e+01 1.040909090909090828e+01 2.231818181818181657e+01 1.881818181818181657e+01 3.718181818181818699e+01 8.863636363636363313e+00 1.150000000000000000e+01 8.636363636363636687e+00 7.500000000000000000e+00 1.109090909090909172e+01 8.181818181818181657e+00 3.259090909090909349e+01 5.509090909090908639e+01 1.281818181818181834e+01 1.231818181818181834e+01 1.181818181818181834e+01 1.709090909090909349e+01 1.890909090909090651e+01 2.690909090909090651e+01 3.363636363636363313e+01 5.850000000000000000e+01 1.800000000000000000e+01 3.195454545454545681e+01 3.000000000000000000e+00 5.636363636363635798e+00 9.227272727272726627e+00 9.818181818181818343e+00 6.545454545454545858e+00 8.954545454545453254e+00 6.136363636363635798e+00 6.090909090909090828e+00 4.954545454545454142e+00 5.772727272727273373e+00 1.681818181818181657e+00 2.409090909090909172e+00 4.090909090909090828e+00 3.681818181818182101e+00 3.818181818181817899e+00 4.500000000000000000e+00 3.409090909090909172e+00 3.500000000000000000e+00 2.727272727272727071e+00 9.272727272727273373e+00 6.500000000000000000e+00 5.663636363636363313e+01 4.363636363636363313e+00 7.409090909090909172e+00 2.227272727272727071e+00 3.954545454545454586e+00 1.363636363636363535e+00 1.590909090909091050e+00 1.409090909090908950e+00 1.318181818181818343e+00 3.181818181818181768e-01 3.181818181818181768e-01 6.818181818181817677e-01 1.136363636363636465e+00
2.787272727272727479e+02 4.309090909090909349e+01 1.904545454545454675e+01 4.018181818181818699e+01 1.040909090909090828e+01 1.336363636363636331e+01 1.281818181818181834e+01 1.231818181818181834e+01 9.227272727272726627e+00 1.059090909090909172e+01 8.909090909090908283e+00 1.450000000000000000e+01 1.104545454545454675e+01 4.413636363636363313e+01 3.450000000000000000e+01 7.772727272727272521e+02 1.859090909090909349e+01 2.154545454545454675e+01 1.709090909090909349e+01 2.372727272727272663e+01 1.581818181818181834e+01 3.404545454545454675e+01 1.436363636363636331e+01 3.700000000000000000e+01 1.259090909090909172e+01 1.477272727272727160e+01 1.127272727272727160e+01 2.340909090909090651e+01 1.027272727272727337e+01 2.350000000000000000e+01 9.318181818181818343e+00 1.122727272727272840e+01 7.454545454545454142e+00 2.418181818181818343e+01 1.650000000000000000e+01 1.318181818181818166e+01 1.036363636363636331e+01 9.727272727272726627e+00 7.090909090909090828e+00 8.863636363636363313e+00 8.272727272727273373e+00 1.022727272727272663e+01 8.772727272727273373e+00 3.522727272727272663e+01 1.354545454545454675e+01 2.122727272727272663e+01 6.818181818181818343e+00 1.245454545454545325e+01 5.590909090909090828e+00 6.681818181818181657e+00 6.636363636363635798e+00 8.909090909090908283e+00 8.045454545454546746e+00 1.395454545454545325e+01 7.818181818181818343e+00 1.072727272727272663e+01 1.127272727272727160e+01 9.772727272727273373e+00 8.363636363636363313e+00 1.231818181818181834e+01 1.254545454545454675e+01 1.786363636363636331e+01 1.513636363636363669e+01 6.590909090909090828e+00 8.863636363636363313e+00 4.286363636363636687e+01 9.772727272727273373e+00 2.704545454545454319e+01 6.681818181818181657e+00 1.281818181818181834e+01 7.818181818181818343e+00 1.481818181818181834e+01 8.409090909090908283e+00 1.809090909090909349e+01 7.954545454545454142e+00 1.331818181818181834e+01 4.363636363636363313e+00 5.363636363636363313e+00 3.727272727272727071e+00 8.909090909090908283e+00 1.772727272727272707e+00 4.863636363636363313e+00 3.000000000000000000e+00 6.818181818181818343e+00 5.272727272727273373e+00 8.500000000000000000e+00 4.318181818181818343e+00 2.113636363636363669e+01 2.181818181818181657e+00 3.818181818181817899e+00 2.000000000000000000e+00 2.454545454545454586e+00 2.272727272727272929e-01 2.272727272727272929e-01 9.090909090909091161e-02 3.500000000000000000e+00 5.454545454545454142e-01
